             precision    recall  f1-score   support

          0       0.68      0.83      0.74      3278
          1       0.00      0.00      0.00        60
          2       0.55      0.14      0.23       449
          3       0.48      0.45      0.46      1448
          4       0.72      0.66      0.69      2784

avg / total       0.64      0.66      0.64      8019


             precision    recall  f1-score   support

          0       0.65      0.85      0.73      3278
          1       0.00      0.00      0.00        60
          2       0.58      0.15      0.24       449
          3       0.47      0.42      0.45      1448
          4       0.75      0.63      0.68      2784

avg / total       0.64      0.65      0.63      8019


             precision    recall  f1-score   support

          0       0.65      0.85      0.73      3278
          1       0.00      0.00      0.00        60
          2       0.57      0.16      0.25       449
          3       0.48      0.43      0.46      1448
          4       0.76      0.62      0.69      2784

avg / total       0.65      0.65      0.63      8019


             precision    recall  f1-score   support

          0       0.64      0.85      0.73      3278
          1       0.00      0.00      0.00        60
          2       0.59      0.14      0.22       449
          3       0.48      0.43      0.45      1448
          4       0.76      0.63      0.69      2784

avg / total       0.65      0.65      0.63      8019


             precision    recall  f1-score   support

          0       0.64      0.86      0.73      3278
          1       0.00      0.00      0.00        60
          2       0.59      0.14      0.23       449
          3       0.48      0.40      0.44      1448
          4       0.76      0.62      0.69      2784

avg / total       0.65      0.65      0.63      8019


             precision    recall  f1-score   support

          0       0.63      0.86      0.73      3278
          1       0.00      0.00      0.00        60
          2       0.62      0.10      0.17       449
          3       0.48      0.39      0.43      1448
          4       0.74      0.62      0.68      2784

avg / total       0.64      0.64      0.62      8019

             precision    recall  f1-score   support

          0       0.64      0.86      0.73      3278
          1       0.00      0.00      0.00        60
          2       0.57      0.12      0.20       449
          3       0.47      0.40      0.43      1448
          4       0.75      0.62      0.68      2784

avg / total       0.64      0.65      0.63      8019